  0.000     56010.4    44182.2000       90.00
  1.000     55572.2   127116.2000       90.90
  2.000     55086.3   145806.9000       90.90
  3.000     54551.3   153268.1000       87.29
  4.000     53991.1   157726.5000       85.57
  5.000     53421.2   161277.5000       82.85
  6.000     52841.5   163268.0000       80.13
  7.000     52256.6   164264.1000       78.41
  8.000     51669.5   164178.1000       76.70
  9.000     51090.9   159574.2000       74.70
 10.000     50525.9   157059.4000       74.43
 11.000     49963.1   157802.9000       73.77
 12.000     49394.3   160419.7000       72.54
 13.000     48816.0   163366.9000       71.03
 14.000     48226.4   166185.4000       69.38
 15.000     47626.0   168720.6000       67.30
 16.000     47012.0   174477.5000       65.81
 17.000     46383.5   175082.0000       64.43
 18.000     45746.0   179265.6000       62.67
 19.000     45104.3   181549.3000       60.85
 20.000     44453.7   183389.3000       58.86
 21.000     43793.6   185440.0000       57.11
 22.000     43124.4   188728.2000       55.99
 23.000     42447.2   190403.7000       54.75
 24.000     41765.5   191327.7000       53.48
 25.000     41080.8   191958.0000       52.51
 26.000     40395.1   191607.2000       52.75
 27.000     39710.1   191687.8000       52.43
 28.000     39025.8   191382.2000       51.68
 29.000     38342.5   191093.2000       51.14
 30.000     37661.0   190493.8000       50.48
 31.000     36983.3   188947.2000       49.75
 32.000     36311.1   187487.5000       48.72
 33.000     35644.6   185766.5000       48.96
 34.000     34985.1   183314.8000       48.35
 35.000     34333.4   181920.1000       47.56
 36.000     33687.7   179856.1000       47.46
 37.000     33048.4   177982.2000       47.58
 38.000     32417.5   175519.4000       47.16
 39.000     31799.0   170047.4000       45.77
 40.000     31201.5   164968.8000       45.07
 41.000     30614.1   164326.9000       46.54
 42.000     30026.6   164608.6000       47.49
 43.000     29436.8   165307.4000       46.07
 44.000     28844.4   166279.9000       46.06
 45.000     28247.7   167752.3000       46.28
 46.000     27647.1   169053.7000       45.79
 47.000     27042.6   169564.5000       44.83
 48.000     26435.2   170820.5000       44.53
 49.000     25824.5   171208.4000       44.54
 50.000     25211.0   172344.0000       43.93
 51.000     24593.5   173216.0000       43.48
 52.000     23974.7   173378.6000       43.18
 53.000     23354.3   173841.9000       42.81
 54.000     22732.6   174335.4000       42.65
 55.000     22109.3   174756.2000       42.49
 56.000     21484.9   175078.8000       42.26
 57.000     20860.1   175035.6000       41.91
 58.000     20234.9   174606.2000       41.62
 59.000     19646.1   137989.2000       41.43
 60.000     19343.2    39507.0000       41.23
 61.000     16827.0    40782.4000       41.07
 62.000     16687.7    40540.7000       40.87
 63.000     16541.5    43062.2000       40.44
 64.000     16389.3    45324.4000       40.52
 65.000     16387.3    45342.0000       39.33
 65.987     16226.4    46814.5000       40.55
 66.000     16060.6    48192.7000       40.61
 67.000     15890.8    49076.6000       40.47
 68.000     15725.0    45620.1000       40.29
 69.000     15570.6    43786.0000       40.08
 70.000     15417.4    43911.3000       39.86
 71.000     15263.9    44075.6000       39.76
 72.000     15109.2    44688.5000       39.75
 73.000     14952.1    45486.0000       39.76
 74.000     14791.6    46499.4000       39.56
 75.000     14627.4    47533.4000       39.39
 76.000     14459.8    48536.9000       39.19
 77.000     14289.6    48970.5000       39.07
 78.000     14118.6    49162.1000       38.89
 79.000     13945.9    49892.4000       38.72
 80.000     13770.5    50737.3000       38.58
 81.000     13592.0    51588.2000       38.51
 82.000     13410.2    52526.8000       38.41
 83.000     13225.5    53313.7000       38.31
 84.000     13038.1    54119.2000       38.22
 85.000     12848.0    54831.7000       38.13
 86.000     12655.6    55456.8000       38.01
 87.000     12461.0    56043.1000       37.87
 88.000     12005.0    55039.1000       37.79
 89.000     11809.4    56784.1000       37.72
 90.000     11610.7    57118.3000       37.68
 91.000     11411.2    57216.9000       37.63
 92.000     11211.4    57281.9000       37.59
 93.000     11011.6    57187.8000       37.53
 94.000     10812.1    57074.1000       37.49
 95.000     10613.3    56910.3000       37.44
 96.000     10415.4    56474.6000       37.40
 97.000     10218.6    56229.3000       37.36
 98.000     10023.2    55741.2000       37.33
 99.000      9829.4    55219.5000       37.29
100.000      9637.6    54713.2000       37.25
101.000      9447.8    53984.7000       37.20
102.000      9260.4    53446.2000       37.14
103.000      9075.2    52749.6000       37.11
104.000      8892.9    51890.2000       36.91
105.000      8713.3    51075.0000       36.22
106.000      8536.3    50254.4000       35.90
107.000      8362.3    49434.3000       35.84
108.000      8191.3    48564.6000       35.85
109.000      8023.4    47660.0000       35.83
110.000      7858.8    46663.2000       35.79
111.000      7697.5    45794.0000       35.75
112.000      7539.7    44640.5000       35.77
113.000      7385.6    43724.6000       35.73
114.000      7234.5    42761.3000       35.72
115.000      7087.4    41568.0000       35.65
116.000      6944.4    40428.7000       35.57
117.000      6805.2    39354.4000       35.57
118.000      6669.8    38214.7000       35.58
119.000      6538.6    36953.3000       35.52
120.000      6411.6    35763.9000       35.48
121.000      6289.1    34389.1000       35.42
122.000      6171.2    33182.7000       35.35
123.000      6057.7    31863.2000       35.39
124.000      5949.0    30434.6000       35.36
125.000      5845.2    29061.6000       35.27
126.000      5745.9    27795.2000       35.32
127.000      5660.9    18058.8000       35.34
128.000      5618.4     7484.8000       35.22
129.000      5600.7     3546.9000       35.28
130.000      5591.4     1965.2000       34.28
131.000      5585.8     1246.2000       33.69
132.000      4641.8    11434.7000       34.69
133.000      4608.3    12142.3000       34.94
134.000      4603.4    12265.8000       35.30
134.879      4561.2    13408.9000       33.46
135.000      4517.2    13192.7000       31.52
136.000      4474.0    13195.3000       32.11
137.000      4430.6    13330.5000       33.65
138.000      4386.6    13540.2000       35.16
139.000      4341.8    13751.9000       36.11
140.000      4296.5    13927.1000       36.49
141.000      4250.8    13949.8000       36.43
142.000      4205.4    13783.7000       36.10
143.000      4160.2    13962.3000       35.60
144.000      4113.8    14346.2000       35.36
145.000      4066.3    14674.2000       35.32
146.000      4017.7    15005.6000       35.30
147.000      3968.1    15261.9000       35.32
148.000      3917.8    15444.6000       35.32
149.000      3867.0    15578.0000       35.30
150.000      3815.9    15654.7000       35.18
151.000      3764.5    15708.3000       35.02
152.000      3713.1    15694.2000       34.98
153.000      3661.9    15584.1000       34.87
154.000      3611.1    15402.0000       34.64
155.000      3561.0    15172.4000       34.37
156.000      3511.8    14885.1000       34.20
157.000      3463.5    14638.5000       34.13
158.000      3415.1    14923.9000       34.16
159.000      3365.7    15254.9000       34.43
160.000      3315.3    15535.9000       35.07
161.000      3264.1    15729.7000       35.49
162.000      3212.2    15968.7000       35.48
163.000      3159.6    16126.3000       35.01
164.000      3106.5    16296.3000       34.52
165.000      3053.0    16425.8000       34.30
166.000      2999.0    16535.4000       34.36
167.000      2944.8    16636.3000       34.59
168.000      2889.8    16793.4000       34.68
169.000      2834.9    16744.4000       34.77
170.000      2780.1    16723.8000       34.70
171.000      2725.5    16619.7000       34.43
172.000      2671.3    16448.4000       34.33
173.000      2631.6     3138.0000       34.57
174.000      2627.1      534.2000       34.19
175.000      2420.8        0.0000       34.19