178
0.000 56010.4
1.000 55572.2
2.000 55086.3
3.000 54551.3
4.000 53991.1
5.000 53421.2
6.000 52841.5
7.000 52256.6
8.000 51669.5
9.000 51090.9
10.000 50525.9
11.000 49963.1
12.000 49394.3
13.000 48816.0
14.000 48226.4
15.000 47626.0
16.000 47012.0
17.000 46383.5
18.000 45746.0
19.000 45104.3
20.000 44453.7
21.000 43793.6
22.000 43124.4
23.000 42447.2
24.000 41765.5
25.000 41080.8
26.000 40395.1
27.000 39710.1
28.000 39025.8
29.000 38342.5
30.000 37661.0
31.000 36983.3
32.000 36311.1
33.000 35644.6
34.000 34985.1
35.000 34333.4
36.000 33687.7
37.000 33048.4
38.000 32417.5
39.000 31799.0
40.000 31201.5
41.000 30614.1
42.000 30026.6
43.000 29436.8
44.000 28844.4
45.000 28247.7
46.000 27647.1
47.000 27042.6
48.000 26435.2
49.000 25824.5
50.000 25211.0
51.000 24593.5
52.000 23974.7
53.000 23354.3
54.000 22732.6
55.000 22109.3
56.000 21484.9
57.000 20860.1
58.000 20234.9
59.000 19646.1
60.000 19343.2
61.000 16827.0
62.000 16687.7
63.000 16541.5
64.000 16389.3
65.000 16387.3
65.987 16226.4
66.000 16060.6
67.000 15890.8
68.000 15725.0
69.000 15570.6
70.000 15417.4
71.000 15263.9
72.000 15109.2
73.000 14952.1
74.000 14791.6
75.000 14627.4
76.000 14459.8
77.000 14289.6
78.000 14118.6
79.000 13945.9
80.000 13770.5
81.000 13592.0
82.000 13410.2
83.000 13225.5
84.000 13038.1
85.000 12848.0
86.000 12655.6
87.000 12461.0
88.000 12005.0
89.000 11809.4
90.000 11610.7
91.000 11411.2
92.000 11211.4
93.000 11011.6
94.000 10812.1
95.000 10613.3
96.000 10415.4
97.000 10218.6
98.000 10023.2
99.000 9829.4
100.000 9637.6
101.000 9447.8
102.000 9260.4
103.000 9075.2
104.000 8892.9
105.000 8713.3
106.000 8536.3
107.000 8362.3
108.000 8191.3
109.000 8023.4
110.000 7858.8
111.000 7697.5
112.000 7539.7
113.000 7385.6
114.000 7234.5
115.000 7087.4
116.000 6944.4
117.000 6805.2
118.000 6669.8
119.000 6538.6
120.000 6411.6
121.000 6289.1
122.000 6171.2
123.000 6057.7
124.000 5949.0
125.000 5845.2
126.000 5745.9
127.000 5660.9
128.000 5618.4
129.000 5600.7
130.000 5591.4
131.000 5585.8
132.000 4641.8
133.000 4608.3
134.000 4603.4
134.879 4561.2
135.000 4517.2
136.000 4474.0
137.000 4430.6
138.000 4386.6
139.000 4341.8
140.000 4296.5
141.000 4250.8
142.000 4205.4
143.000 4160.2
144.000 4113.8
145.000 4066.3
146.000 4017.7
147.000 3968.1
148.000 3917.8
149.000 3867.0
150.000 3815.9
151.000 3764.5
152.000 3713.1
153.000 3661.9
154.000 3611.1
155.000 3561.0
156.000 3511.8
157.000 3463.5
158.000 3415.1
159.000 3365.7
160.000 3315.3
161.000 3264.1
162.000 3212.2
163.000 3159.6
164.000 3106.5
165.000 3053.0
166.000 2999.0
167.000 2944.8
168.000 2889.8
169.000 2834.9
170.000 2780.1
171.000 2725.5
172.000 2671.3
173.000 2631.6
174.000 2627.1
175.000 2420.8
