178
0.000 90.00
1.000 90.90
2.000 90.90
3.000 87.29
4.000 85.57
5.000 82.85
6.000 80.13
7.000 78.41
8.000 76.70
9.000 74.70
10.000 74.43
11.000 73.77
12.000 72.54
13.000 71.03
14.000 69.38
15.000 67.30
16.000 65.81
17.000 64.43
18.000 62.67
19.000 60.85
20.000 58.86
21.000 57.11
22.000 55.99
23.000 54.75
24.000 53.48
25.000 52.51
26.000 52.75
27.000 52.43
28.000 51.68
29.000 51.14
30.000 50.48
31.000 49.75
32.000 48.72
33.000 48.96
34.000 48.35
35.000 47.56
36.000 47.46
37.000 47.58
38.000 47.16
39.000 45.77
40.000 45.07
41.000 46.54
42.000 47.49
43.000 46.07
44.000 46.06
45.000 46.28
46.000 45.79
47.000 44.83
48.000 44.53
49.000 44.54
50.000 43.93
51.000 43.48
52.000 43.18
53.000 42.81
54.000 42.65
55.000 42.49
56.000 42.26
57.000 41.91
58.000 41.62
59.000 41.43
60.000 41.23
61.000 41.07
62.000 40.87
63.000 40.44
64.000 40.52
65.000 39.33
65.987 40.55
66.000 40.61
67.000 40.47
68.000 40.29
69.000 40.08
70.000 39.86
71.000 39.76
72.000 39.75
73.000 39.76
74.000 39.56
75.000 39.39
76.000 39.19
77.000 39.07
78.000 38.89
79.000 38.72
80.000 38.58
81.000 38.51
82.000 38.41
83.000 38.31
84.000 38.22
85.000 38.13
86.000 38.01
87.000 37.87
88.000 37.79
89.000 37.72
90.000 37.68
91.000 37.63
92.000 37.59
93.000 37.53
94.000 37.49
95.000 37.44
96.000 37.40
97.000 37.36
98.000 37.33
99.000 37.29
100.000 37.25
101.000 37.20
102.000 37.14
103.000 37.11
104.000 36.91
105.000 36.22
106.000 35.90
107.000 35.84
108.000 35.85
109.000 35.83
110.000 35.79
111.000 35.75
112.000 35.77
113.000 35.73
114.000 35.72
115.000 35.65
116.000 35.57
117.000 35.57
118.000 35.58
119.000 35.52
120.000 35.48
121.000 35.42
122.000 35.35
123.000 35.39
124.000 35.36
125.000 35.27
126.000 35.32
127.000 35.34
128.000 35.22
129.000 35.28
130.000 34.28
131.000 33.69
132.000 34.69
133.000 34.94
134.000 35.30
134.879 33.46
135.000 31.52
136.000 32.11
137.000 33.65
138.000 35.16
139.000 36.11
140.000 36.49
141.000 36.43
142.000 36.10
143.000 35.60
144.000 35.36
145.000 35.32
146.000 35.30
147.000 35.32
148.000 35.32
149.000 35.30
150.000 35.18
151.000 35.02
152.000 34.98
153.000 34.87
154.000 34.64
155.000 34.37
156.000 34.20
157.000 34.13
158.000 34.16
159.000 34.43
160.000 35.07
161.000 35.49
162.000 35.48
163.000 35.01
164.000 34.52
165.000 34.30
166.000 34.36
167.000 34.59
168.000 34.68
169.000 34.77
170.000 34.70
171.000 34.43
172.000 34.33
173.000 34.57
174.000 34.19
175.000 34.19
