178
0.000 44182.2000
1.000 127116.2000
2.000 145806.9000
3.000 153268.1000
4.000 157726.5000
5.000 161277.5000
6.000 163268.0000
7.000 164264.1000
8.000 164178.1000
9.000 159574.2000
10.000 157059.4000
11.000 157802.9000
12.000 160419.7000
13.000 163366.9000
14.000 166185.4000
15.000 168720.6000
16.000 174477.5000
17.000 175082.0000
18.000 179265.6000
19.000 181549.3000
20.000 183389.3000
21.000 185440.0000
22.000 188728.2000
23.000 190403.7000
24.000 191327.7000
25.000 191958.0000
26.000 191607.2000
27.000 191687.8000
28.000 191382.2000
29.000 191093.2000
30.000 190493.8000
31.000 188947.2000
32.000 187487.5000
33.000 185766.5000
34.000 183314.8000
35.000 181920.1000
36.000 179856.1000
37.000 177982.2000
38.000 175519.4000
39.000 170047.4000
40.000 164968.8000
41.000 164326.9000
42.000 164608.6000
43.000 165307.4000
44.000 166279.9000
45.000 167752.3000
46.000 169053.7000
47.000 169564.5000
48.000 170820.5000
49.000 171208.4000
50.000 172344.0000
51.000 173216.0000
52.000 173378.6000
53.000 173841.9000
54.000 174335.4000
55.000 174756.2000
56.000 175078.8000
57.000 175035.6000
58.000 174606.2000
59.000 137989.2000
60.000 39507.0000
61.000 40782.4000
62.000 40540.7000
63.000 43062.2000
64.000 45324.4000
65.000 45342.0000
65.987 46814.5000
66.000 48192.7000
67.000 49076.6000
68.000 45620.1000
69.000 43786.0000
70.000 43911.3000
71.000 44075.6000
72.000 44688.5000
73.000 45486.0000
74.000 46499.4000
75.000 47533.4000
76.000 48536.9000
77.000 48970.5000
78.000 49162.1000
79.000 49892.4000
80.000 50737.3000
81.000 51588.2000
82.000 52526.8000
83.000 53313.7000
84.000 54119.2000
85.000 54831.7000
86.000 55456.8000
87.000 56043.1000
88.000 55039.1000
89.000 56784.1000
90.000 57118.3000
91.000 57216.9000
92.000 57281.9000
93.000 57187.8000
94.000 57074.1000
95.000 56910.3000
96.000 56474.6000
97.000 56229.3000
98.000 55741.2000
99.000 55219.5000
100.000 54713.2000
101.000 53984.7000
102.000 53446.2000
103.000 52749.6000
104.000 51890.2000
105.000 51075.0000
106.000 50254.4000
107.000 49434.3000
108.000 48564.6000
109.000 47660.0000
110.000 46663.2000
111.000 45794.0000
112.000 44640.5000
113.000 43724.6000
114.000 42761.3000
115.000 41568.0000
116.000 40428.7000
117.000 39354.4000
118.000 38214.7000
119.000 36953.3000
120.000 35763.9000
121.000 34389.1000
122.000 33182.7000
123.000 31863.2000
124.000 30434.6000
125.000 29061.6000
126.000 27795.2000
127.000 18058.8000
128.000 7484.8000
129.000 3546.9000
130.000 1965.2000
131.000 1246.2000
132.000 11434.7000
133.000 12142.3000
134.000 12265.8000
134.879 13408.9000
135.000 13192.7000
136.000 13195.3000
137.000 13330.5000
138.000 13540.2000
139.000 13751.9000
140.000 13927.1000
141.000 13949.8000
142.000 13783.7000
143.000 13962.3000
144.000 14346.2000
145.000 14674.2000
146.000 15005.6000
147.000 15261.9000
148.000 15444.6000
149.000 15578.0000
150.000 15654.7000
151.000 15708.3000
152.000 15694.2000
153.000 15584.1000
154.000 15402.0000
155.000 15172.4000
156.000 14885.1000
157.000 14638.5000
158.000 14923.9000
159.000 15254.9000
160.000 15535.9000
161.000 15729.7000
162.000 15968.7000
163.000 16126.3000
164.000 16296.3000
165.000 16425.8000
166.000 16535.4000
167.000 16636.3000
168.000 16793.4000
169.000 16744.4000
170.000 16723.8000
171.000 16619.7000
172.000 16448.4000
173.000 3138.0000
174.000 534.2000
175.000 0.0000
